49
0 0 0
1 1 5 5 8 21 24 50
2 1 5 0 7 8 34 46
3 1 5 3 9 16 32 38
4 1 5 0 15 30 31 34
5 1 5 6 23 25 36 42
6 1 5 4 21 26 33 40
7 1 5 8 18 33 35 50
8 1 5 8 17 18 23 37
9 1 5 16 34 37 43 50
10 1 5 7 18 23 28 29
11 1 5 1 14 19 26 27
12 1 5 0 15 21 44 50
13 1 5 1 12 14 41 49
14 1 5 7 22 23 26 37
15 1 5 5 8 14 16 33
16 1 5 5 25 26 47 48
17 1 5 15 19 23 32 44
18 1 5 13 19 29 32 48
19 1 5 8 19 21 32 44
20 1 5 8 23 29 39 49
21 1 5 20 33 38 45 49
22 1 5 4 22 26 33 44
23 1 5 31 33 35 43 50
24 1 5 2 4 5 6 19
25 1 5 0 9 14 39 45
26 1 5 0 16 20 30 45
27 1 5 11 13 19 37 46
28 1 5 20 25 27 37 44
29 1 5 2 12 18 23 49
30 1 5 7 14 20 24 43
31 1 5 6 14 16 23 32
32 1 5 4 17 30 33 35
33 1 5 9 11 18 33 37
34 1 5 15 39 41 48 50
35 1 5 3 18 29 41 49
36 1 5 15 24 30 43 49
37 1 5 1 6 24 43 46
38 1 5 10 18 34 42 50
39 1 5 10 24 28 48 49
40 1 5 4 8 15 23 50
41 1 5 6 15 26 35 37
42 1 5 1 4 18 24 31
43 1 5 27 34 41 43 49
44 1 5 6 13 15 20 30
45 1 5 1 2 6 42 45
46 1 5 2 7 15 23 25
47 1 5 15 16 20 33 44
48 1 5 23 28 29 40 41
49 1 5 10 19 24 36 46
50 1 5 11 28 39 44 49